20
NULL 0 Common 0
Joined 7 0,255,0,255,0,0,0,0,0,0 Latin 1 0 1 Joined	# Joined [4a 6f 69 6e 65 64 ]a
|Broken|0|1 15 0,255,0,255,0,0,0,0,0,0 Common 2 10 2 |Broken|0|1	# Broken
9 8 0,255,0,255,0,0,0,0,0,0 Common 3 2 3 9	# 9 [39 ]0
6 8 0,255,0,255,0,0,0,0,0,0 Common 4 2 4 6	# 6 [36 ]0
8 8 0,255,0,255,0,0,0,0,0,0 Common 5 2 5 8	# 8 [38 ]0
1 8 0,255,0,255,0,0,0,0,0,0 Common 6 2 6 1	# 1 [31 ]0
5 8 0,255,0,255,0,0,0,0,0,0 Common 7 2 7 5	# 5 [35 ]0
4 8 0,255,0,255,0,0,0,0,0,0 Common 8 2 8 4	# 4 [34 ]0
S 5 0,255,0,255,0,0,0,0,0,0 Latin 19 0 9 S	# S [53 ]A
A 5 0,255,0,255,0,0,0,0,0,0 Latin 10 0 10 A	# A [41 ]A
F 5 0,255,0,255,0,0,0,0,0,0 Latin 11 0 11 F	# F [46 ]A
7 8 0,255,0,255,0,0,0,0,0,0 Common 12 2 12 7	# 7 [37 ]0
2 8 0,255,0,255,0,0,0,0,0,0 Common 13 2 13 2	# 2 [32 ]0
0 8 0,255,0,255,0,0,0,0,0,0 Common 14 2 14 0	# 0 [30 ]0
P 5 0,255,0,255,0,0,0,0,0,0 Latin 15 0 15 P	# P [50 ]A
o 3 0,255,0,255,0,0,0,0,0,0 Latin 16 0 16 o	# o [6f ]a
b 3 0,255,0,255,0,0,0,0,0,0 Latin 17 0 17 b	# b [62 ]a
e 3 0,255,0,255,0,0,0,0,0,0 Latin 18 0 18 e	# e [65 ]a
s 3 0,255,0,255,0,0,0,0,0,0 Latin 9 0 19 s	# s [73 ]a
